eval_accuracy = 0.7434908389585342
eval_loss = 0.8917955971681155
f_score = 0.6760818276663346
global_step = 800
loss = 0.0486040635406971
precision = 0.6939671660063876
recall = 0.6645056838152225
