eval_accuracy = 0.6855753646677472
eval_loss = 1.2939711555074422
f_score = 0.6604971686522974
global_step = 0
loss = None
precision = 0.6725761663787782
recall = 0.651307240113353
