eval_accuracy = 0.7319189971070396
eval_loss = 0.8868797874794556
f_score = 0.654922621594637
global_step = 0
loss = None
precision = 0.7007769470959907
recall = 0.6287739264183507
