eval_accuracy = 0.6985413290113452
eval_loss = 1.4228975532146602
f_score = 0.6727412480974125
global_step = 896
loss = 0.009009958291634186
precision = 0.6920285094493238
recall = 0.6594957806195235
