eval_accuracy = 0.6717990275526742
eval_loss = 1.2609549294679592
f_score = 0.6558266121794367
global_step = 0
loss = None
precision = 0.6602366868384103
recall = 0.6521649220559621
