eval_accuracy = 0.7560270009643202
eval_loss = 1.0649048140917259
f_score = 0.6994778283069364
global_step = 800
loss = 0.00787363872048445
precision = 0.7253815401366782
recall = 0.6821410092322339
