eval_accuracy = 0.742526518804243
eval_loss = 0.8938872398092197
f_score = 0.6781355331025405
global_step = 0
loss = None
precision = 0.697011848119344
recall = 0.6653524869009358
