eval_accuracy = 0.7319189971070396
eval_loss = 0.8422415724740578
f_score = 0.6766770868712616
global_step = 0
loss = None
precision = 0.6823826553759212
recall = 0.6716488956369044
