eval_accuracy = 0.7309546769527483
eval_loss = 0.8266083164856984
f_score = 0.6684234570698933
global_step = 800
loss = 0.11003501122817397
precision = 0.6780062516933354
recall = 0.6608833804044366
