eval_accuracy = 0.6126418152350082
eval_loss = 1.0722690965884771
f_score = 0.5710338078394407
global_step = 0
loss = None
precision = 0.5878758271510592
recall = 0.5607626272510569
