eval_accuracy = 0.6239870340356564
eval_loss = 1.073709154740358
f_score = 0.5832506679840234
global_step = 896
loss = 0.3817552686003702
precision = 0.5970267981729851
recall = 0.5741524659451551
