eval_accuracy = 0.6750405186385737
eval_loss = 1.0953892427377212
f_score = 0.6499029748821997
global_step = 0
loss = None
precision = 0.6632522045855379
recall = 0.6399015284033815
