eval_accuracy = 0.7357762777242044
eval_loss = 0.7453612121251914
f_score = 0.670050321013361
global_step = 0
loss = None
precision = 0.7053867043699746
recall = 0.6482778234034837
