eval_accuracy = 0.7675988428158148
eval_loss = 0.97449573089297
f_score = 0.701473063426664
global_step = 0
loss = None
precision = 0.7320193590117859
recall = 0.680688610942311
