eval_accuracy = 0.673419773095624
eval_loss = 1.2590117693329468
f_score = 0.6554941151159541
global_step = 896
loss = 0.04293290658720902
precision = 0.6633729201038073
recall = 0.64931000684561
