eval_accuracy = 0.6993517017828201
eval_loss = 1.4244586906563013
f_score = 0.6722486362564769
global_step = 0
loss = None
precision = 0.6919249995559991
recall = 0.6589583176352927
