eval_accuracy = 0.6758508914100486
eval_loss = 0.8974567086268694
f_score = 0.6572370023913123
global_step = 896
loss = 0.010080539305428309
precision = 0.6621536626397154
recall = 0.6560311703666842
