eval_accuracy = 0.7560270009643202
eval_loss = 0.9728164837624018
f_score = 0.698904587476016
global_step = 0
loss = None
precision = 0.7300966713345329
recall = 0.6771707532730203
