eval_accuracy = 0.6920583468395461
eval_loss = 1.5331689388706133
f_score = 0.6669156635002587
global_step = 0
loss = None
precision = 0.676699935308616
recall = 0.6599930819050855
