eval_accuracy = 0.6985413290113452
eval_loss = 0.9045405655335157
f_score = 0.6754091490670722
global_step = 896
loss = 0.014331977883037845
precision = 0.6973117799119676
recall = 0.661248588019188
