eval_accuracy = 0.6961102106969206
eval_loss = 0.9022371411705629
f_score = 0.6710693797193096
global_step = 0
loss = None
precision = 0.6926192243080586
recall = 0.6569817973527499
