eval_accuracy = 0.7560270009643202
eval_loss = 1.0848909896153671
f_score = 0.6857970506678588
global_step = 800
loss = 0.0372052145935595
precision = 0.7223562505329526
recall = 0.6622641552532521
