eval_accuracy = 0.7521697203471552
eval_loss = 1.0849154137361507
f_score = 0.6784605181940505
global_step = 0
loss = None
precision = 0.7172883547213177
recall = 0.6542614008168414
