eval_accuracy = 0.7550626808100289
eval_loss = 1.066695732795275
f_score = 0.6963947395226421
global_step = 0
loss = None
precision = 0.718466165681158
recall = 0.6820942363044047
