eval_accuracy = 0.6774716369529984
eval_loss = 0.8960083784201206
f_score = 0.658482222724679
global_step = 0
loss = None
precision = 0.6633952908805266
recall = 0.6572890364546854
