eval_accuracy = 0.7540983606557377
eval_loss = 0.9717445835757714
f_score = 0.69715203510009
global_step = 800
loss = 0.011084410483017565
precision = 0.7261586452762923
recall = 0.676574831525861
